((("/Volumes/AOKP" .
   [1 0 0 0 0 0 0 0 0 0 0 0 0])
  ("using" .
   [0 0 0 1 1])
  ("part" .
   [7 0 0 0])
  ("substr" .
   [13 0 0 0 0 0])
  ("bignum" .
   [3 0 0 0 0 0])
  ("ifstream" .
   [1 0 0 0 0 0 0 0])
  ("max" .
   [24 0 0])
  ("gcd" .
   [2 0 0])
  ("pow" .
   [1 0 0])
  ("sum2" .
   [4 0 0 0])
  ("sum1" .
   [4 0 0 0])
  ("std" .
   [7 0 0])
  ("namespace" .
   [0 0 1 1 1 3 0 0 0])
  ("num" .
   [50 0 0])
  ("args" .
   [1 0 0 0])
  ("temp" .
   [5 0 0 0])
  ("sum" .
   [8 0 0])
  ("main" .
   [7 0 4 0])
  ("cout" .
   [34 0 0 0])
  ("endl" .
   [18 0 0 0])
  ("math" .
   [4 0 0 0])
  ("signed" .
   [0 0 0 1 0 0])
  ("f" .
   [5])
  ("cpp" .
   [3 0 0])
  ("lpf" .
   [5 0 0])
  ("findLPF" .
   [0 0 0 0 1 0 0])
  ("str" .
   [7 0 0])
  ("string" .
   [6 0 0 0 0 0])
  ("length" .
   [5 0 0 0 0 0])
  ("isPal" .
   [1 0 1 0 0])
  ("vector" .
   [7 0 0 0 0 0])
  ("count" .
   [2 0 0 0 0])
  ("isPrime" .
   [0 0 1 0 0 0 0])
  ("product" .
   [9 0 1 0 0 0 0])
  ("include" .
   [0 0 0 0 1 0 0])
  ("find" .
   [1 0 0 0])
  ("stoi" .
   [3 0 0 0])
  ("isprime" .
   [0 0 1 1 0 0 0])
  ("iostream" .
   [0 0 0 1 0 0 0 0])
  ("mat" .
   [17 0 0])
  ("public" .
   [0 0 1 0 0 0])
  ("push_back" .
   [0 0 0 0 0 1 0 0 0])
  ("horcount" .
   [0 0 1 0 0 0 0 0])
  ("max_prod" .
   [4 0 0 3 2 0 0 0])
  ("diagLdown" .
   [0 0 1 0 0 0 0 0 0])
  ("diagRdown" .
   [1 0 0 0 1 0 0 0 0])
  ("col" .
   [8 0 0])
  ("size" .
   [8 0 0 0])
  ("row" .
   [9 0 0])
  ("/Volumes/Slim" .
   [1 0 0 0 0 0 0 0 0 0 0 0 0])
  ("zenburn" .
   [1 0 0 0 0 0 0])
  ("jabber-connect-all" .
   [1 0 0 0 0 0 0 0 0 0 0 0 0 0 0 0 0 0])))
